3.4506732135981468e-25
2.7286819421090304e-31
9.931987635674201e-28
3.3010809813084964e-24
3.3010809890815814e-24
5.4473208752026956e-18
0.0018511552358054626
0.9981488443905401
1.868263107633321e-10
1.8682809163684925e-10
7.405183175216926e-19
5.677734325417182e-18
3.487508678400078e-24
3.47685726521072e-24
7.66404512690919e-26
-3e-323
1.8682809163685577e-10
0.9999999998131719
6.418259683945245e-18
5.4473278234367875e-18
0.9999999999999967
0.9999999999999967
7.041006394879889e-24
1.8682631644107347e-10
5.4473278234367875e-18
0.0018511556094598786
0.9981488445773664
5.4473278234251865e-18
1.0045405699485757e-27
6.723150150936126e-24
1.0820905513521252e-30
7.659843132008805e-27
9.708725230767191e-23
9.708725296039478e-23
7.754720483860248e-16
0.9981202659880536
0.0018794915276735833
6.103882239082427e-11
2.424232334741957e-07
7.813735891796929e-18
1.9969516642176816e-18
6.299694298306777e-25
6.350935820032556e-25
8.437609027965762e-26
-3e-323
2.424232334741961e-07
0.9999997575767671
9.810688905453685e-18
7.754722492915568e-16
0.9999999999999962
0.9999999999999962
1.3494391021135962e-24
6.103882438777702e-11
7.754722492915568e-16
0.9981205084723264
0.0018794915887124137
7.754722492913368e-16
7.878891323111198e-27
8.696700257658471e-15
1.3664262723564595e-21
8.234246637691077e-18
1.4763370232151699e-13
1.4763371472564586e-13
2.6983678332105896e-07
0.4966404026592016
0.005169061676559485
1.9277208149657176e-06
0.49818833778340127
3.193196917209214e-10
3.6165280857536382e-12
8.670776727099912e-18
8.720990796890252e-18
8.670776884749966e-18
-3e-323
0.4981883377837046
0.5018116618933584
3.2293624586922067e-10
2.6983708729352096e-07
0.9999997301629138
0.9999997301629138
2.606254440874027e-17
1.9277244315111975e-06
2.6983708729352096e-07
0.9948309383234324
0.005170989720310672
2.698370872934108e-07
8.34307454344811e-18
4.7465383543784657e-17
9.559643059535452e-24
4.5594017010158397e-20
9.050972478881304e-16
9.050951853245882e-16
9.981707337484045e-10
4.1965194264370484e-07
9.991770466473157e-10
2.0677991482446226e-12
0.9999995783485954
4.462917200031272e-14
4.997552615325247e-17
1.1851397744716124e-21
1.1859948629239454e-21
5.72779188955879e-21
-3e-323
0.9999995783485973
4.2165135822324546e-07
4.467915562539223e-14
9.981725914520898e-10
0.9999999990018277
0.9999999990018277
8.09892652695428e-21
2.0678491261418916e-12
9.981725914520898e-10
0.999999999000823
1.0012895249454535e-09
9.981725914518168e-10
4.5860264503900725e-20
2.183214280541948e-08
3.943001035748277e-15
1.94021983564866e-11
4.545100132828338e-07
4.5449989659478526e-07
0.02817849979845647
0.000718078184155599
1.7967758384905716e-05
4.5791457388627473e-07
0.971083599375691
4.6594254108808016e-07
1.6429613320273292e-10
1.867171307239262e-14
1.8672688098804017e-14
3.3371322512388094e-13
3e-323
0.971084530237223
0.02891500365557068
4.6610720827890965e-07
0.028179430659989253
0.9718205693400108
0.9718205693400108
3.71057626295078e-13
4.5807890736387507e-07
0.028179430659989253
0.9999820103896215
1.8891779833357617e-05
0.028179430659911225
1.9476236676310823e-11
5.099057818635691e-07
2.5061749987602644e-14
2.0558164670124832e-10
1.8829027111535285e-05
1.87698935820893e-05
0.9713831100541316
1.8996859170045448e-05
5.151052688670372e-07
2.6602584680587816e-08
0.028558878798296293
3.6352067314356057e-07
2.684187350007289e-11
5.836828711461819e-15
5.836902608350536e-15
3.824252896052942e-13
3e-323
0.028596987830937417
0.9714026486211554
3.6354790911608103e-07
0.9714212190867709
0.02857878091322873
0.02857878091322873
3.940990209251044e-13
2.6629438227818994e-08
0.9714212190867709
0.999998974782388
9.05255380238409e-07
0.9714212190861878
2.061408386659088e-10
8.722197955773537e-12
7.60042133189247e-21
1.852384644805037e-16
1.1142524572141783e-09
7.601611536911219e-10
0.9999999969783699
1.373513280958295e-13
2.773261270095598e-15
1.9110310779477087e-16
1.1383234765095061e-09
3.013509472854626e-14
2.8624033041610533e-19
7.273609544526155e-23
7.273675636603459e-23
2.059280684027954e-20
3e-323
3.0214594708860196e-09
0.9999999969785102
3.013540170715615e-14
0.999999998861506
1.138493927603678e-09
1.138493927603678e-09
2.0738279692090938e-20
1.9138949359803853e-16
0.999999998861506
0.9999999999912752
3.30997454922397e-14
0.999999998861506
1.8550786884122227e-16
6.77430773884593e-05
9.81709756597871e-15
9.658277217219505e-10
0.026014836610071986
0.016503523178128313
0.9574028758806461
3.5250539499021147e-09
6.701706127030266e-11
5.761223022535344e-12
1.1009465933988527e-05
7.223585473168224e-09
1.02915990748628e-14
2.310217397655982e-18
2.3102342327904825e-18
3.62549790051884e-15
3e-323
0.04259711329792424
0.9574028794784785
7.223599394885601e-09
0.9999889797126338
1.1020287365617558e-05
1.1020287365617558e-05
3.6301183521492715e-15
5.7715192420617944e-12
0.9999889797126338
0.9999322558891879
7.29637405368053e-09
0.9999889797120589
9.663920479645398e-10
9.2338457887933e-05
5.053082246407846e-17
4.655008897716979e-11
0.8028994890727377
0.18247101161659304
0.0145371518296668
6.173814923593576e-13
6.2413992770651055e-15
5.27489442305178e-16
8.965387273793359e-09
1.054993440687979e-11
8.320026269608956e-19
1.5165053769109734e-22
1.5165375377469755e-22
1.607019713082658e-18
-3e-323
0.9854628481591583
0.014537151830290938
1.0549936846205442e-11
0.9999999910234361
8.976561361020603e-09
8.976561361020603e-09
1.6073230173741126e-18
5.283217482364285e-16
0.9999999910234361
0.9999076614955528
1.0556704127905142e-11
0.9999999910234312
4.655476814118488e-11
7.399847493385489e-11
6.310779634167754e-26
4.653756373687612e-19
0.9981204596675354
0.0018795400859893507
1.724768111298386e-10
8.610508845542883e-24
6.670662368388767e-26
6.676097944159787e-27
4.879740308277712e-19
1.163968241917346e-21
1.633731995041331e-29
5.4335095139960023e-33
5.4335474183135365e-33
1.6449736546141e-28
-3e-323
0.9999999998275236
1.7247681112984713e-10
1.1639684227629019e-21
0.9999999999999969
4.891466831420995e-19
4.891466831420995e-19
1.6450823251834071e-28
6.692446131167088e-27
0.9999999999999969
0.9999999999260016
1.164041640987162e-21
0.9999999999999969
4.653807163989745e-19
2.641112636923135e-16
1.5754479689722239e-21
2.660583083771672e-18
5.656896359122976e-16
5.656896377621001e-16
2.530857273322096e-10
0.16912618886419903
0.8147149716198535
0.016047924072851435
0.00011088135178656797
1.7321251936000935e-09
3.210597968594545e-08
5.831577747397682e-14
5.770488468154602e-14
9.650930402601313e-16
3e-323
0.00011088135178796657
0.9998890848099897
3.383822186530023e-08
2.5308712562810503e-10
0.9999999997469112
0.9999999997469112
1.1698575519578248e-13
0.016047956178947036
2.5308712562810503e-10
0.18528502838002853
0.8307629295309278
2.5308712548332873e-10
2.8037836540935043e-18
1.304019154244923e-14
2.64361210867426e-20
7.435360706534056e-17
2.9928508280552375e-14
2.9928508792954773e-14
1.872426666652119e-08
0.8166983891559845
0.17118293308115987
0.006058080992733591
0.006060528502792732
3.022417865493765e-08
1.9318742647859982e-08
3.1404515613567415e-14
3.192630888382697e-14
3.754162960223448e-15
3e-323
0.006060528502865701
0.9939394219541464
4.954298838778469e-08
1.872433964605772e-08
0.9999999812756586
0.9999999812756586
6.708498745761774e-14
0.006058100311539549
1.872433964605772e-08
0.8288170669187562
0.1772410636168784
1.872433963808334e-08
8.230154475783289e-17
7.726166944649387e-11
1.8780805873481348e-16
4.2669675715795854e-13
1.8237699707574724e-10
1.8237705338530633e-10
2.5101307101170048e-05
0.4820652005280853
0.030591918975782343
0.0035951334137899324
0.4837159909071282
6.485154454332733e-06
1.6926581187053076e-07
1.787979972195384e-12
1.8115956771309023e-12
1.7879802069959674e-12
3e-323
0.4837159913495886
0.5162773542247578
6.654425653759087e-06
2.510174956138319e-05
0.9999748982504415
0.9999748982504415
5.387555856322266e-12
0.0035953026832013677
2.510174956138319e-05
0.9694080809411235
0.03419370681343776
2.5101749543586492e-05
4.4430567810199907e-13
5.5310411575770115e-09
1.716817684662603e-14
3.111477063063591e-11
1.337565355151947e-08
1.3375710587371012e-08
0.00046615198115557697
0.012938664620578601
0.00046711055173299557
9.517879128434606e-05
0.9860177201433687
1.5107866634887596e-05
3.371248293626277e-08
2.587225480140637e-12
2.5933795531276448e-12
1.3527694723009437e-11
-3e-323
0.9860177524574245
0.013967105944751479
1.5141597826123576e-05
0.0004661842952111843
0.9995338157047876
0.9995338157047876
1.8708299756277546e-11
9.521250894788702e-05
0.0004661842952111843
0.9995328838668661
0.0005774309273157696
0.0004661842946756431
3.163314529265784e-11
6.491589357226521e-06
1.6353681480368202e-11
3.1137969434407455e-08
1.631745079709553e-05
1.6318059917315442e-05
0.09527185024926985
0.006369885801930935
0.00034537099232641153
0.00011704445533085318
0.8973456256244434
0.0005107937125994668
2.6877342685692304e-07
8.168685400089149e-11
8.170930917114814e-11
1.6647799185969443e-09
-3e-323
0.89738478418694
0.10210415149885746
0.0005110643142024036
0.09531100881176977
0.9046889911882298
0.9046889911882298
1.828176081768976e-09
0.00011731339215387318
0.09531100881176977
0.9996481041277056
0.0009734780970797488
0.09531100848731015
3.144607563588552e-08
0.0001293679108422028
1.0476482926147979e-10
3.179115856365633e-07
0.0003698620899074848
0.00037015073801369397
0.9010302487370133
0.00035954697361887213
1.8759049311628712e-05
7.733564756291342e-06
0.09733775766226993
0.0003762110253125738
4.0222267963009615e-08
2.2994097528113458e-11
2.299575409908005e-11
1.7724237097957356e-09
-3e-323
0.09820745860930707
0.9014162883247006
0.00037625306599409854
0.9018999496840499
0.09810005031595029
0.09810005031595029
1.8184135614229151e-09
7.773833014105977e-06
0.9018999496840499
0.999851551013154
0.00040274390763830756
0.9018999473873611
3.201035098622226e-07
0.00026976853259594763
9.518782732977324e-12
7.80810722194208e-08
0.0005852590495710705
0.000634243038923735
0.9979087287392298
8.308497706516256e-07
3.470218391862833e-08
1.5572764820093125e-08
0.0005937683248487852
7.272660387617914e-06
1.1302511335058656e-10
7.799893983549258e-14
7.800236864105315e-14
2.6562904540850834e-11
-3e-323
0.0020831173359218374
0.9979096098639488
7.272800131637063e-06
0.9993980777502998
0.0006019222496998024
0.0006019222496998024
2.6718905849327573e-11
1.5685945934752107e-08
0.9993980777502998
0.9997301183485171
7.3230485174712414e-06
0.9993980774413892
7.838046352469027e-08
0.021902245713980778
6.56543273176131e-11
2.1341712985866526e-06
0.07545444404877784
0.10199161903009331
0.8004654706035857
1.6083080517843834e-07
5.0320559959416985e-09
2.3457310796227707e-09
0.00017542130454887214
8.493604418320974e-06
1.84420376249807e-11
1.1284131240287685e-14
1.128456946560797e-14
2.2841481182651005e-11
3e-323
0.199525867542102
0.800465638812171
8.493645724408456e-06
0.999815916841135
0.00018408315886553317
0.00018408315886553317
2.2864049883356862e-11
2.3641956859484518e-09
0.999815916841135
0.9780956117863939
8.501000670002864e-06
0.9998159135677305
2.1373790481262743e-06
0.014017333360523014
2.929607963559323e-13
7.873473149838764e-08
0.17842065022809372
0.8000379068155095
0.007523942204601023
1.8531142685707234e-11
3.0454420445089397e-13
1.401328305443292e-13
8.075333285488557e-08
7.863501034068464e-09
9.67845873338931e-16
4.665531854413587e-19
4.666066839872762e-19
7.456252117772236e-15
-3e-323
0.992476049912914
0.00752394222357688
7.86350945909957e-09
0.9999999113641814
8.863581813370524e-08
8.863581813370524e-08
7.457185277641577e-15
1.4110160957753638e-13
0.9999999113641814
0.9859825878837107
7.863946679882446e-09
0.9999999113434566
7.875516274309086e-08
4.1676920119372556e-08
4.003896174114987e-21
5.813372573138008e-15
0.0018511556262375385
0.9981488026151925
8.164469020922906e-11
2.7124157080118448e-21
3.5908490973825013e-23
1.735771596211504e-23
3.227523198707331e-17
7.038136147194683e-18
1.6359195023988483e-25
1.2857766788003795e-28
1.2858294719154005e-28
6.754358048397481e-24
3e-323
0.9999999999183553
8.164469021199439e-11
7.038143065401846e-18
0.9999999999999966
3.931614073439007e-17
3.931614073439007e-17
6.754615209012534e-24
1.752156507297e-23
0.9999999999999966
0.9999999583230743
7.038189577250717e-18
0.9999999999999966
5.813575981141745e-15
3.2091646077706086e-14
3.7101822607284085e-18
1.566528248716556e-15
1.8369134885777816e-14
1.836913508314078e-14
1.524993238387371e-09
0.011141546318661665
0.026832638979748212
0.9619505194740675
6.159409825021686e-05
2.759859181583486e-07
1.3423392950053777e-05
1.1291194137545316e-10
1.1064792599566425e-10
1.780109867012021e-12
-3e-323
6.15940983207895e-05
0.999924706297471
1.3699604208189278e-05
1.5250638114185512e-09
0.9999999984749336
0.9999999984749336
2.2533997723812788e-10
0.9619639430905794
1.5250638114185512e-09
0.973167360794876
0.9887968580562458
1.5250636348316601e-09
1.7394049700784878e-15
6.232116684736982e-11
4.136069736004727e-15
2.3663476593811476e-12
3.275348902158241e-11
3.275349143681668e-11
1.4136543716520164e-06
0.14263127770808526
0.06967402952860781
0.7767162583815278
0.010755057161862442
8.800612458322183e-05
0.00013395128876216172
2.8096926098058296e-09
2.8473466685298494e-09
3.646514152253917e-10
-3e-323
0.01075505729237499
0.9890229792725884
0.00022196343503607538
1.4137848842154281e-06
0.9999985862151112
0.9999985862151112
6.021690693561127e-09
0.776850215327329
1.4137848842154281e-06
0.9303259643846965
0.8466122509805168
1.4137845661469755e-06
2.68028004340144e-12
1.927033783709835e-07
1.7476940101910915e-11
8.060949604596149e-09
1.0442468375680366e-07
1.044248134475715e-07
0.0007060689548365129
0.30546338492574504
0.06989709481205002
0.30690168857347927
0.30760303745199247
0.008709030312068608
0.0007189607695841473
1.0782763735276648e-07
1.0852065258696604e-07
1.0782790933198209e-07
-3e-323
0.30760344747604146
0.6829682372661053
0.00942831525785205
0.0007064789788881157
0.9992935210211126
0.9992935210211126
3.241761992717129e-07
0.3076208656913532
0.0007064789788881157
0.9301023798371969
0.3862269908154705
0.0007064785686616805
8.453699095851718e-09
2.3855583230280807e-05
2.580631966607236e-09
1.0235297500845605e-06
1.300192161177373e-05
1.3002090565748779e-05
0.018592657232946255
0.11591088543034184
0.01863679574914601
0.054555881830407126
0.7367899410761799
0.054946045696299246
0.0005146502696424392
3.2374662044441393e-07
3.2418953451612115e-07
1.5789576701304215e-06
3e-323
0.7368408568973949
0.2076962202428405
0.055462922859766485
0.018643573054166446
0.9813564269458301
0.9813564269458301
2.226893825090971e-06
0.05507118003620464
0.018643573054166446
0.9813360655479818
0.12865402148164934
0.018643540358103894
1.0536451806918992e-06
0.0008783747517698576
7.351236703100905e-08
3.162350079414281e-05
0.0004497332404297527
0.0004497661566063638
0.18754379261999232
0.029847440249442882
0.004393261858008764
0.01015430611222936
0.6352007364968721
0.13081455058222835
0.00022838803991093802
3.483122986072096e-07
3.484137114862063e-07
6.516003733271589e-06
3e-323
0.6370110478084494
0.2319388008396729
0.13105015135188045
0.1893541039315753
0.8106458960684262
0.8106458960684262
7.212729743364968e-06
0.01038339087815046
0.1893541039315753
0.9946887134976999
0.14559120331838737
0.18935329026959166
3.236365041111056e-05
0.011354976644004727
4.715442767319859e-07
0.00027775536075801463
0.005106362641241304
0.005107971941849397
0.6687359968205708
0.003735755168602623
0.0005556663210358028
0.001129878506254396
0.20336242898555823
0.10057857055909243
4.1615821915966575e-05
1.0870875923690197e-07
1.0871628049312903e-07
7.13598333811407e-06
3e-323
0.22521516339415482
0.6741572968164666
0.100627539789385
0.6905887312291683
0.3094112687708349
0.3094112687708349
7.3534083778441174e-06
0.0011717117532100778
0.6905887312291683
0.9877985804450846
0.10230594863333664
0.6905830634084247
0.00028295163722490466
0.08172309974318134
7.134239556237625e-07
0.0008177515117518421
0.024782411386882554
0.024945410465015055
0.8174339232393374
0.00018245913127460915
2.5566622916636213e-05
4.8948747254579936e-05
0.02500427731202079
0.025020787037978474
2.265868699142378e-06
7.4083837791775164e-09
7.408567665411198e-09
1.870423448827939e-06
-3e-323
0.15728416411214446
0.8176908977407756
0.02502493814707791
0.9497138100394554
0.05028618996054407
0.05028618996054407
1.8852404002725303e-06
5.122943290516678e-05
0.9497138100394554
0.9174204831884555
0.02509758309380028
0.9497025963461648
0.0008282517810888031
0.6032482808581928
2.082607853162044e-07
0.0008590512077496915
0.06300695460182586
0.07694521215597437
0.2534288341795238
2.2940068201762677e-06
2.1265162892190742e-07
4.054366380837698e-07
0.0008685610107152146
0.0016348486297116523
1.864499089524427e-08
5.57659526834586e-11
5.5767310172043786e-11
7.515623293537455e-08
-3e-323
0.7449333111829254
0.2534317462746103
0.0016349425424687356
0.997493584351728
0.002506415648271132
0.002506415648271132
7.526776619822983e-08
4.2419316224187515e-07
0.997493584351728
0.3958871286661998
0.0016354854745028037
0.9974883330032648
0.0008640942954300633
0.8241170236321905
8.012686870346037e-10
2.8032649283185893e-05
0.013504932310584215
0.16033074003843065
0.00201751938883394
2.551227183775131e-10
1.1310478010601312e-11
2.2088880039541596e-11
3.522682133264038e-07
1.3686060398606557e-06
9.010218418423333e-13
2.200351890406959e-15
2.2005305045713048e-15
2.2094092241030134e-11
3e-323
0.9979811116936057
0.0020175196773560143
1.368629039375616e-06
0.9999982788142256
1.7211857747784173e-06
1.7211857747784173e-06
2.2098493123424963e-11
2.2994302763779104e-11
0.9999982788142256
0.17585491289021354
1.368640344641418e-06
0.9999982480193204
2.8062642917690877e-05
0.2078223997986264
3.400727480289195e-11
5.631971802588235e-06
0.01695021476232671
0.7751944449837104
2.730326943995548e-05
1.4239252522934605e-13
5.808167201575429e-15
1.0882727845365587e-14
5.144796627940391e-10
3.717246802848038e-09
5.39274709597857e-16
1.8478414044338247e-18
1.8478936526025534e-18
6.253264536838236e-14
-3e-323
0.9999726930130909
2.7303269599038853e-05
3.7173098784638687e-09
0.9999999957680507
4.231948624678161e-09
4.231948624678161e-09
6.25363411034388e-14
1.142569829002038e-14
0.9999999957680507
0.7921719672473543
3.7172640367135306e-09
0.9999999947859018
5.632919942036737e-06
4.2804371602529693e-20
6.607324359008047e-23
7.82767068903527e-21
7.827670869712786e-21
7.82767105039042e-21
1.9725559277133463e-16
4.843462838240655e-10
1.116352010325181e-09
0.999999997254327
3.3158557979885552e-12
1.2513934275896821e-12
1.1404019100615296e-09
2.9213132159905426e-15
2.6428329974787195e-15
3.175876683089141e-17
3e-323
3.3158558671495584e-12
0.9999999988550253
1.1416588993941039e-09
1.97324753791609e-16
0.9999999999999963
0.9999999999999963
5.595904980300155e-15
0.9999999983947342
1.97324753791609e-16
0.9999999988836429
0.9999999995123376
1.9732188015554784e-16
1.0635233508422474e-20
4.116324213206424e-11
4.408008519859837e-14
6.653134145249849e-12
6.653135044435782e-12
6.653135943623433e-12
6.79991174886694e-08
0.0010016959549595313
0.0005743700499369409
0.9975844689435082
0.00012835194682716454
0.00012837260948257733
0.0005826081836253732
2.983685705432577e-08
3.08178523386275e-08
3.5944415881834805e-09
3e-323
0.00012835201022242594
0.9991606029475174
0.0007110450422589297
6.806251275031327e-08
0.9999999319374843
0.9999999319374843
6.42491509811365e-08
0.9981671377818413
6.806251275031327e-08
0.9994255656508199
0.9988698804412576
6.806024013593451e-08
8.881668439340057e-12
1.623824181086926e-06
2.0276426258379106e-09
2.7352421302744457e-07
2.7352464497282596e-07
2.735250769229229e-07
0.0004923178258834045
0.05288518166398725
0.01849165535000036
0.7353406531150788
0.05461535021795217
0.11944327683884298
0.01869161436225999
1.2424624552855649e-05
1.2622296099073282e-05
1.2424904133224455e-05
3e-323
0.05461782901917303
0.8072098079549438
0.13817236302588876
0.0004947966271046123
0.9995052033728911
0.9995052033728911
3.747182478515312e-05
0.754057314397984
0.0004947966271046123
0.9814689410737163
0.8919922465868263
0.0004947622239994139
3.0589967560100746e-07
0.00010002560571600478
1.1734266196062104e-07
1.6007679976942087e-05
1.600786899644247e-05
1.6008058026278806e-05
0.008371150830531167
0.032715845870607975
0.00837962515024233
0.13851003259579112
0.13872837625574086
0.6645414580141926
0.008485175826360668
1.6402612862503313e-05
1.6519001963857e-05
8.584634363421847e-05
3e-323
0.13887794375381385
0.18797665444717046
0.6731454017990179
0.008520718328606687
0.9914792816713927
0.9914792816713927
0.00011876795846057807
0.14702813003697754
0.008520718328606687
0.9913840553202435
0.8199492132014131
0.008519200043246867
1.7408622674844646e-05
0.0011037575566337698
8.727182599393949e-07
0.00014658945506717885
0.00014659719582283168
0.00014660494343970916
0.029390446938482487
0.005299066597498442
0.0011355567887888223
0.012017376339606433
0.07834314262149776
0.8709997402499453
0.0011520576349381263
4.365175374734167e-06
4.380490905404929e-06
9.786012004657168e-05
3e-323
0.07989914966442416
0.04784244666437624
0.8722584036712009
0.03094645398140953
0.969053546018586
0.969053546018586
0.00010660578632671111
0.013178179640824657
0.03094645398140953
0.9974950325212146
0.8853134766795483
0.030933996089445755
0.00015817462877101732
0.0222212750529849
1.1424182753641326e-05
0.0024030300380335867
0.002403487775047957
0.0024039627055535808
0.1296639724591251
0.0013223063829417533
0.000343533171837256
0.0024122711120454217
0.052035863205336916
0.7841053325332568
0.0003479758783916552
2.5410573359772114e-06
2.542573173222405e-06
0.000189995461509837
-3e-323
0.08160952937038672
0.13374208312594962
0.7846483875036666
0.15923763862417628
0.8407623613758287
0.8407623613758287
0.00019507909201903534
0.0027653306209462305
0.15923763862417628
0.9746951720516909
0.7872141963260405
0.15909572803074426
0.002533516448710806
0.29753416643519887
6.80450786559669e-05
0.02090820444755354
0.020918777899913282
0.02093894600598516
0.2587786340619119
0.00020633357064132546
6.869573341079743e-05
0.0003863953817031092
0.02100937303039612
0.3581871735529451
6.92480147132019e-05
7.235733023601824e-07
7.236344725150864e-07
0.00017771395025540819
-3e-323
0.38212435852664484
0.2594400587476662
0.3584355827256906
0.6198936195581598
0.3801063804418386
0.3801063804418386
0.00017916115803027984
0.0004570906041911809
0.6198936195581598
0.680494881518209
0.35871295989054985
0.6190787288505605
0.02165505007649926
0.9701132608761768
4.418684648323172e-06
0.004346236408722152
0.004349187320816245
0.004571179855380605
0.012032309368797425
5.022560383021143e-07
1.2702468971634852e-07
7.059401515221931e-07
0.000144482303292684
0.004361532317396487
1.274334512484363e-07
1.2871284049967383e-09
1.2872152921786936e-09
1.5777255752566561e-06
3e-323
0.9836031153595555
0.01203364458967685
0.004363240050766642
0.9954909424250604
0.004509057574938828
0.004509057574938828
1.5802999189538273e-06
8.359479464678091e-07
0.9954909424250604
0.025460026795324258
0.004362495290032624
0.9954121738298926
0.004420586319242732
0.9999999100776861
1.3551762314679787e-13
2.3983657591014862e-09
2.3990643732332104e-09
8.457133520795549e-08
5.209465838276676e-10
3.3962544686508894e-16
4.0028549209020445e-17
2.4088461106791625e-16
3.1412466151775664e-13
2.8490356086237862e-11
4.0061594825393337e-17
3.321553223097384e-19
3.3226369153811505e-19
3.2670228145392956e-15
-3e-323
0.999999999450559
5.209472043662706e-10
2.8493663835066075e-11
0.9999999999711918
2.8808409035191163e-11
2.8808409035191163e-11
3.2676872335531176e-15
2.8161062490715767e-16
0.9999999999711918
8.752015126633564e-08
2.8490677725411864e-11
0.9999999999673974
2.402024152727956e-09
0.9854564768502717
6.525147224216217e-10
0.00021154992794864872
0.0002115677662545426
0.014119617585693096
7.693167231166728e-07
1.8049977446486882e-14
2.051734310957201e-15
1.1313523304043166e-14
4.5363762499636425e-11
7.111819392939495e-09
2.052191718208868e-15
2.0772584150611652e-17
2.0775899614748564e-17
7.927098520494258e-13
-3e-323
0.9999992235706312
7.693167545319065e-07
7.112614196531776e-09
0.9999999928419905
7.158009374266425e-09
7.158009374266425e-09
7.9275140053319e-13
1.3407263506017316e-14
0.9999999928419905
0.014331961825885366
7.111834851937324e-09
0.9999999814468872
0.00021156067053381547
3.762154846924282e-13
4.905311798618835e-15
1.9703624667438486e-13
2.2694514824708686e-14
2.2694515381223587e-14
2.0533484855606533e-10
1.208922582856325e-05
1.88714559191718e-05
0.9713934694100674
5.176250529164267e-07
1.2253370857959462e-05
0.028561860334390607
5.210023919331404e-07
4.1378170274258613e-07
3.5875911569553932e-09
-3e-323
5.17625918486104e-07
0.9714244302971468
0.028575052076934178
2.0620041823084134e-10
0.9999999997937981
0.9999999997937981
9.38371685832682e-07
0.9999562645285525
2.0620041823084134e-10
0.999980190171573
0.9999873893553256
2.0595348931763556e-10
4.390598480825168e-13
1.1783649379587852e-09
1.1889540167967093e-11
6.060775929794773e-10
6.041740760289388e-11
6.041741446128258e-11
2.481646404581717e-07
0.0004980904605601693
0.0003425403640836341
0.8965881877084673
0.00011723341104811023
0.006455465835115232
0.09596245109468388
1.646845493636067e-05
1.770704906056024e-05
1.604732551057491e-06
3e-323
0.00011723613590358225
0.8974290666977517
0.10245369716634707
2.5088949593041795e-07
0.9999997491105
0.9999997491105
3.5780236547978125e-05
0.9925848143071448
2.5088949593041795e-07
0.9996216767953472
0.999382820506342
2.5006991781117093e-07
1.413766172058452e-09
1.3224164463882773e-06
1.2740674968964564e-08
6.756142340970147e-07
6.545099569713554e-08
6.545105444216449e-08
7.300795826330521e-05
0.004364990056768742
0.0018585468860395408
0.4360736179254697
0.004671332699390272
0.43737726356307244
0.11508357852598106
0.0001589759499770452
0.00017708820219791967
0.00015899015823384684
3e-323
0.004673940774003573
0.4423701628265391
0.5529558963994572
7.561603287664008e-05
0.9999243839671202
0.9999243839671202
0.0004950543104088125
0.5514932606036247
7.561603287664008e-05
0.9976439216309861
0.9907290710527343
7.51368909939304e-05
1.1420154418385156e-06
3.0328403569317463e-06
2.0713622844760746e-08
1.4760018241542769e-06
1.1690249155027987e-07
1.1690302207662793e-07
6.185198947055805e-05
0.00024172884050126348
6.186529518798532e-05
0.009878425997466666
0.0009964315064472532
0.9857078040223893
0.002983800712542172
6.116359092367501e-06
7.856361506001851e-06
4.7804150453574185e-05
3e-323
0.0010027462713951916
0.010243872122626457
0.9887533816059796
6.81667544185185e-05
0.99993183324558
0.99993183324558
6.177687105194368e-05
0.012876199430607091
6.81667544185185e-05
0.9998702768743236
0.9986458687481812
6.659463716527056e-05
3.0274054545570988e-06
1.5184989388096986e-06
4.6903148116366805e-09
6.327607767544779e-07
3.2134133484303946e-08
3.213461117638859e-08
9.960741824189744e-06
1.6967260690781975e-06
2.835731897422759e-07
2.941672727029255e-05
2.9421257822904202e-05
0.9999138855960452
1.014816158730527e-05
3.293654618222104e-08
5.3508311868415766e-08
2.0412252447233027e-06
-3e-323
3.248080391236607e-05
4.1357768353302895e-05
0.9999261614277362
1.3020287913651581e-05
0.9999869797120858
0.9999869797120858
2.127670102773937e-06
3.96513337156486e-05
1.3020287913651581e-05
0.9999945934793639
0.9999538205029507
1.2176270284414597e-05
1.4720880911798104e-06
0.0009246111855036779
2.1241194774601874e-06
0.00034371595434866284
1.5229473886961662e-05
1.5230457757696816e-05
0.0008615449465537422
8.666464346029841e-06
2.1285759495902068e-06
6.614172878852939e-05
0.0003439613517975372
0.9971736841319778
3.170295626923757e-05
3.6989733253055423e-07
3.947935764634147e-07
6.725137806740741e-05
3e-323
0.0017881151271466823
0.0009384817156378899
0.9972734031572157
0.002305698721902878
0.9976943012780969
0.9976943012780969
6.801606897640123e-05
9.860937596676138e-05
0.002305698721902878
0.998516161511366
0.9972744220838865
0.002160332018050727
0.0004869585387233587
0.1420394048648469
0.0003281182400889614
0.05083410572974435
0.0023353839783894067
0.002335915913392044
0.02191418570315059
2.422141623992228e-05
1.0736007073258525e-05
0.0001790475919695172
0.0023385709384544794
0.7704120641372482
0.00010016719566341346
2.3267472182975e-06
2.3317672398733788e-06
0.0009622058240403402
-3e-323
0.20639271361015996
0.02212819071843313
0.7714790956714068
0.22596832837485376
0.7740316716251437
0.7740316716251437
0.0009668643384985029
0.00028387330209110384
0.22596832837485376
0.7996395568745038
0.7707066734464129
0.21945899618952222
0.05701531967498909
0.7849472215949335
0.00034378406337951656
0.1301455801411278
0.0032561972585210294
0.003263621122222682
0.007424295655247764
6.355561496963258e-07
2.6273980863465646e-07
4.115852865741361e-06
0.00017352752944445503
0.06425120108204777
2.3333511366643446e-06
5.6871939140918885e-08
5.691447087176989e-08
0.00011131045460711006
-3e-323
0.9282057315217285
0.007429309804071868
0.06436495867420082
0.9354564996475344
0.06454350035246922
0.06454350035246922
0.000111424241017123
6.562990412418349e-06
0.9354564996475344
0.0783759274076348
0.06425802681226825
0.9290369157720535
0.13622137995322958
0.9732537791776505
4.8262634548177735e-06
0.02628550094922289
9.737878813001302e-05
0.00012772510111294452
3.3556001875487e-05
1.0406241303951944e-10
2.270839710384173e-11
4.0414240647986295e-10
8.19682710550652e-08
9.741046764156382e-05
2.2263456231855542e-10
4.533598671391676e-12
4.5451246277482185e-12
8.201527133440386e-08
-3e-323
0.999868950752584
3.355653278870325e-05
9.749271462618336e-05
0.9999024247861881
9.75752138104549e-05
9.75752138104549e-05
8.2024350057703e-08
6.358556920975544e-10
0.9999024247861881
0.00035615305787044244
9.74111262056524e-05
0.9997979400179862
0.02638515945396844
0.9041311205850727
1.989536267262296e-06
0.09543819459068807
7.411607125239677e-05
0.00033353910505535097
2.003202417576536e-06
3.6879046701541317e-13
7.582060841332155e-14
1.2316142094067145e-12
7.940015826014546e-10
1.404670862145996e-06
6.922522732140525e-13
1.577810328749413e-14
1.5796915524247173e-14
1.2985340149604447e-09
-3e-323
0.9999965908257842
2.0032040938018057e-06
1.4059701199882237e-06
0.9999985932342005
1.406765797796121e-06
1.406765797796121e-06
1.2985655899792487e-09
1.9554415014324895e-12
0.9999985932342005
0.0004110638458817064
1.4046728934080894e-06
0.9999789735544797
0.09545582473414117
2.5470245689059814e-13
2.206341283890747e-14
3.377341913202749e-13
4.763920404441876e-15
4.763920464270355e-15
2.5040206004793063e-11
3.588062893303502e-07
5.062070020844277e-07
0.02830246882802177
2.6238674183370152e-08
1.892607267468756e-05
0.9716487393153752
1.9219763708411547e-05
9.70506482593887e-06
4.967534168156818e-08
3e-323
2.6241723585807747e-08
0.02830333386635342
0.9716966398919232
2.8089608442407692e-11
0.9999999999719087
0.9999999999719087
2.897450387603199e-05
0.9999801329719289
2.8089608442407692e-11
0.9999705192860814
0.9999995652516054
2.564217049387249e-11
2.7631087270166126e-12
6.637846622994369e-10
5.279227568806126e-11
9.873345261871495e-10
1.0295124445772326e-11
1.0295124969862713e-11
2.5833112132203833e-08
2.0542352037408424e-05
1.527359575243459e-05
0.09447412703234902
6.160505718462035e-06
0.010222446457359757
0.8945186175252731
0.0003367634971855426
0.00038464296323225593
2.139041086193252e-05
3e-323
6.170332840732758e-06
0.09450996881325038
0.9054838608539102
3.56602344029727e-08
0.9999999643397608
0.9999999643397608
0.0007427968712797323
0.9897141510180378
3.56602344029727e-08
0.999241919726436
0.9999518710711501
2.7504821570106222e-08
9.089955083365722e-09
3.7529235810155353e-07
2.865954767507942e-08
5.876748272158745e-07
5.3920597386029835e-09
5.392061555524908e-09
4.330540468645305e-06
0.00017071208920204186
8.449428619606855e-05
0.08191934335743252
0.00019176395563908809
0.5756151135776374
0.33791771128552384
0.0011227125684704171
0.0018466820585304165
0.001123015558362056
-3e-323
0.000195884678185209
0.08217888027329921
0.917625235048514
8.45126301477018e-06
0.9999915487369812
0.9999915487369812
0.004092410185362914
0.42280644926995553
8.45126301477018e-06
0.9958189855900111
0.9985060571337853
5.304291775256864e-06
3.7059865190542343e-06
2.872554359037862e-08
1.7246342478496247e-09
5.541045768909871e-08
2.7539629454798347e-10
2.753966824214885e-10
1.2080528301160316e-07
4.1885634971589893e-07
1.2081185036464657e-07
0.0001422397934664859
1.6185804677172745e-06
0.9991894562843063
0.0006265062939964595
1.6518970161303916e-06
1.0144561424154199e-05
2.6874275228935732e-05
-3e-323
2.4664210821242697e-06
0.00014290026694957722
0.9998546333119696
9.686458974186169e-07
0.9999990313541026
0.9999990313541026
3.867073366922054e-05
0.0007805425459032259
9.686458974186169e-07
0.9999603611646594
0.9999701196420577
2.0549207726804933e-07
8.168396435918181e-07
5.1611197564235936e-14
1.4020037303393167e-15
1.3056459107174597e-13
1.6107842983364662e-16
1.6107911037525557e-16
4.6091019917082195e-14
8.103290163776578e-15
1.4022899530017417e-15
1.4483752511483375e-12
1.305801499852374e-13
0.9999999999774812
6.202119853145907e-12
1.8092748218952262e-14
6.957165056314668e-13
1.0463263216280582e-11
3e-323
3.6357393303794383e-12
1.5039718511821984e-12
0.9999999999948602
3.551250200311319e-12
0.9999999999964488
0.9999999999964488
1.1177072470130919e-11
8.364304358144681e-12
3.551250200311319e-12
0.9999999999853166
0.9999999999858468
2.285889660932715e-13
3.451823821559455e-12
1.0822570638794048e-05
2.795507517503619e-07
2.9047629548372798e-05
3.191978786000527e-08
3.192033847468347e-08
1.4631170908140755e-06
1.6923890824478946e-08
4.700488932967136e-09
6.237116603677892e-07
6.237648574094185e-07
0.9997983636287022
1.492144681635235e-06
3.264293349809804e-08
1.5085462448816652e-07
2.95562166757171e-05
-3e-323
0.00016829605925246919
2.108453130939298e-06
0.9998295954876169
0.00016913541148587307
0.9998308645885152
0.9998308645885152
2.9739714233703218e-05
2.299353899989279e-06
0.00016913541148587307
0.9998026471310091
0.9998006676830911
4.1397157404315395e-05
0.0001565063328781811
0.0290186332675046
0.0010508629149477075
0.0740367329583396
0.00013575651589833152
0.0001357636367391054
0.0010546878278717108
1.4420340542145098e-06
7.879612661329812e-07
3.8854808108040694e-05
0.00013580465275571526
0.8432434656988986
7.283765877641369e-05
3.934389235690314e-06
4.153951536668202e-06
0.0037682354761787917
3e-323
0.15181160019408074
0.001095772631300085
0.8470926271746226
0.15273048336919715
0.8472695166308022
0.8472695166308022
0.0037763238169511177
0.00011978080765680998
0.15273048336919715
0.8448186128330939
0.8433640344678174
0.10438157420635355
0.12133477920623771
0.1867228733584604
0.003831526014941794
0.5935953465255814
0.0003859450483728158
0.00038598617668538545
0.000804982762346782
9.442847911975364e-08
4.927816380069558e-08
2.2629006934190444e-06
2.582755494082674e-05
0.11934764593447104
4.0971794443074525e-06
2.4142651449795385e-07
2.4478061507013185e-07
0.0010386536988235833
3e-323
0.8788017276104519
0.0008073893696831166
0.12039088301986799
0.879580882817856
0.12041911718214457
0.12041911718214457
0.001039139905953145
6.846287267294585e-06
0.879580882817856
0.12095684198543294
0.11935454149990193
0.781895133871443
0.6874495694570528
0.11403840654549703
0.00033414198680748743
0.878783128637385
1.5961043938359104e-05
1.611837144387064e-05
6.436644839501358e-06
3.545511004073404e-11
9.733368715938718e-12
5.551666439617223e-10
2.7617153620852867e-08
0.0004949404368887158
1.0310349396981388e-09
5.219871976272085e-11
5.465526952147923e-11
2.705930046734823e-06
-3e-323
0.9994959152499804
6.43724519462403e-06
0.0004976475048243757
0.9995023242776658
0.0004976757223331198
0.0004976757223331198
2.706036900724102e-06
1.6930555729440417e-09
0.9995023242776658
0.000533485735920757
0.0004949421396776532
0.9928600512431025
0.8850912596851447
0.020557222404753
1.9263693115774978e-05
0.9793329651437069
5.155787680538595e-07
6.194342362259432e-07
2.5525146113054363e-08
9.359841253811721e-15
2.252915055197645e-15
1.1853758828352368e-13
2.0067698283124747e-11
5.155947522100096e-07
2.1630707022072482e-13
1.1729064514632283e-14
1.2019724000911036e-14
3.2358120650854616e-09
-3e-323
0.999999455643918
2.5525276263398898e-08
5.188308043309519e-07
0.9999994811489965
5.188510021795822e-07
5.188510021795822e-07
3.2358358138739503e-09
3.585934470197911e-13
0.9999994811489965
1.676153314505636e-06
5.155951130563709e-07
0.9998913480866077
0.9794218345129796
1.2022333689751356e-20
7.438251610602503e-21
4.298236574867564e-20
6.35497257750746e-23
6.35497259926998e-23
2.7697394533836666e-19
2.078208944089775e-15
2.7859298958345296e-15
1.117861444872012e-09
1.9165964369658392e-16
5.457875179642141e-12
0.9999999976532308
1.1419468673103158e-09
8.135388628905236e-11
1.4388989195747828e-13
3e-323
1.9478098687117578e-16
1.1178663092878313e-09
0.9999999988821335
3.3983171199286102e-18
0.9999999999999968
0.9999999999999968
1.2234446434913245e-09
0.999999999994393
3.3983171199286102e-18
0.9999999987765528
0.9999999999998538
3.3210574422856124e-19
3.1017554898381335e-18
9.63279880893455e-12
6.569969624375865e-12
4.245714194872021e-11
4.307756096812914e-14
4.3077561572226014e-14
8.126405181089267e-11
3.680776243357069e-08
2.8885430842842723e-08
0.0005733062257154543
1.276878837389965e-08
0.0005734695620485626
0.9976141714322315
0.0005815762250825548
0.0006426322106622596
1.4763144766389859e-05
3e-323
1.5425037442530917e-08
0.0005733720001727832
0.9994266125747872
2.7375131204422528e-09
0.9999999972624851
0.9999999972624851
0.0012389715805111994
0.9994116860936911
2.7375131204422528e-09
0.9987609968778944
0.9999851845411686
1.3344014769108696e-10
2.6399601450755243e-09
1.6867770890248552e-07
1.1583723037619398e-07
7.62359633361417e-07
7.516644639770975e-10
7.516645421428275e-10
4.010000904356893e-07
9.52005441082866e-06
5.795741029899939e-06
0.011871417196618425
1.1868166399336429e-05
0.34333199721362284
0.5866230398557495
0.012009310860582531
0.03409578473802078
0.012021255297510303
-3e-323
3.147804236743763e-05
0.011887133992149584
0.9880813879654848
2.0010876058537376e-05
0.9999799891239375
0.9999799891239375
0.05812635089611364
0.6445995526509677
2.0010876058537376e-05
0.9418482449902176
0.9879373456056243
1.3335407617057059e-06
1.932385769981687e-05
4.1296558857117725e-07
3.18769563333583e-07
2.6010060941934416e-06
1.4955517372043673e-09
1.4955525254870566e-09
3.1876400412334546e-07
6.83796149505129e-07
3.1878848564273603e-07
0.00042813281854415695
2.6023604584736763e-06
0.9710024446110456
0.01432570922302396
0.00043460767881506345
0.0045490326946649754
0.009142949921059379
3e-323
0.00011580170421434267
0.00042945416718343285
0.9994547441286061
0.00011351810775999184
0.9998864818922364
0.9998864818922364
0.014126590294539344
0.019737482415047986
0.00011351810775999184
0.9857598945643234
0.990740245814575
3.3357267911506884e-06
0.00011246461749970298
1.3165342789780856e-07
1.1718365278981387e-07
1.560237016709326e-06
2.845491293160695e-10
2.845496476733164e-10
2.5735026702311442e-08
4.679629099170918e-09
1.737190735781402e-09
1.560308782264226e-06
5.400194753301806e-08
0.9987015613543897
3.885347738090783e-05
1.5905958493277352e-06
6.929570000203269e-05
0.0010644496188556658
-3e-323
0.00012265679289742742
1.5924606288014843e-06
0.9998757507464726
0.00012262852597659648
0.999877371474021
0.999877371474021
0.0011353359147070244
0.00011130008201453132
0.00012262852597659648
0.9987420601262531
0.9988128631735932
1.7181945700864286e-06
0.00012235338477043073
6.140807380739428e-05
5.543292974625978e-05
0.0008928068973952396
1.1940144971942128e-07
1.1940222668720294e-07
2.758243466464507e-06
4.2105099749489805e-08
2.229827021508123e-08
5.545171069392415e-06
1.4102437999901718e-06
0.9694902704970639
5.636118535819778e-05
5.641545582690214e-06
5.581772663553889e-05
0.009217992258482959
-3e-323
0.021165548968975406
8.367817905821345e-06
0.9788260832131167
0.021166896968641758
0.9788331030313557
0.9788331030313557
0.009279451530701234
0.00012336562864582014
0.021166896968641758
0.9695566262495299
0.9696136584239773
0.0009572120183455078
0.021047058917945272
0.005623206242804984
0.005068626083111285
0.09003464847098465
1.0991828070041078e-05
1.0991992149645545e-05
6.818432666295267e-05
1.2363048261220347e-07
9.197628593181031e-08
1.0988035940947996e-05
1.0992959944022896e-05
0.4754925052374207
6.886488416410792e-05
1.1112163587793208e-05
1.690708567501165e-05
0.022822820804993028
3e-323
0.5015084018547881
7.938796937244401e-05
0.49841221017584453
0.5015655932215098
0.4984344067784914
0.4984344067784914
0.022850840054255764
0.00010787216936785927
0.5015655932215098
0.4756736428948323
0.47560046938307454
0.09574802286067204
0.4907835927487121
0.008975447822611941
0.008769369693024309
0.485909893678514
5.2274938682550905e-06
5.227561538765643e-06
1.0367393396653706e-05
1.5008602543839789e-09
9.45875661764853e-10
1.227265329297191e-07
4.0477811918482223e-07
0.02806695983288484
7.523809855828602e-07
1.232632710313731e-07
1.687731318162512e-07
0.0016346439321442956
-3e-323
0.970286859250919
1.0492566665499628e-05
0.029702648182417423
0.9702968218661949
0.029703178133805408
0.029703178133805408
0.0016349359685471413
1.1671439213601995e-06
0.9702968218661949
0.02808906366818615
0.02806812792268167
0.4949061639499273
0.952531181901758
0.0004991781476480269
0.0004677823702901647
0.9860569288243202
1.3711223574707306e-08
1.3723514295523052e-08
5.770196101783114e-09
3.636936713133551e-14
1.0035913435110627e-14
1.9944858946923855e-12
2.8064722073847897e-11
1.5223752876590804e-05
1.4193478333964449e-11
1.996319361951605e-12
6.384998803072344e-12
6.606373194218577e-07
3e-323
0.999984109814991
5.772236992958342e-09
1.5884412770808997e-05
0.9999841155571214
1.5884442876422353e-05
1.5884442876422353e-05
6.606457007400268e-07
2.456928239368081e-11
0.9999841155571214
1.5257002099618393e-05
1.5223777455909092e-05
0.9865561401768996
0.999017121834254
8.130049335422486e-10
1.109932343787076e-09
0.9999999952971543
2.241399262465781e-15
2.3543580272125176e-15
1.3233030880076462e-16
5.36516604395036e-23
1.1142233792541478e-23
2.12359789042759e-21
1.122790135810317e-19
8.582436051057306e-14
1.4590294387532043e-20
2.124002572110055e-21
5.0894419512982506e-21
4.416331152678625e-15
3e-323
0.9999999999999095
1.3233249719254924e-16
9.024071346698962e-14
0.9999999999999096
9.024082793439502e-14
9.024082793439502e-14
4.41633836612313e-15
2.3927336801368158e-20
0.9999999999999096
9.055257715560866e-14
8.58243844490514e-14
0.999999996110164
0.999999998076968
3.109829320453793e-15
1.9123126535506333e-14
3.6263017554151115e-14
4.245680429112408e-18
4.245680431562044e-18
1.9122517910921012e-14
9.272925580092822e-11
1.1825397770814792e-10
1.5568822314531186e-05
1.0342664797987778e-11
2.5228378790878234e-06
0.9699711251698828
0.02822551521873583
0.0017826848486772958
2.5828579765485312e-06
-3e-323
3.353294835115062e-11
1.556903331688714e-05
0.999984430933148
2.320940607107374e-11
0.9999999999767909
0.9999999999767909
0.030010782925389758
0.9999948940596046
2.320940607107374e-11
0.9699892169331673
0.9999974170157396
5.850385614638641e-14
2.316804210594622e-11
1.148883090872305e-11
8.567232126633558e-11
1.670940243175666e-10
1.3899609601370944e-14
1.3899609636504182e-14
2.3441387662733644e-11
7.289352054761713e-09
5.99024251001442e-09
0.00018595172806739826
2.8261431016760396e-09
0.001052578083361931
0.8318674504563446
0.080496770069934
0.08532740187018514
0.0010697641791040215
3e-323
7.030997265682505e-08
0.0001859650311033491
0.9998139646589239
6.750727094281204e-08
0.9999999324927255
0.9999999324927255
0.16689393611922235
0.9978775741245258
6.750727094281204e-08
0.833105990406736
0.9989301581981277
2.0205204210825981e-10
6.738664060375522e-08
4.147616600153392e-08
2.6620351108654085e-07
5.103562271279307e-07
5.558400953168012e-11
5.55840108798324e-11
2.2445219132715303e-08
3.6806851954410465e-07
2.662057380527732e-07
0.0010570582384990454
5.105927997895429e-07
0.07755844170683968
0.3206455791444284
0.07792309165636362
0.44454470421916487
0.07822054020748166
3e-323
4.99281077521977e-05
0.0010577149579757835
0.9988923569342706
4.9439960171540575e-05
0.9999505600398211
0.9999505600398211
0.6006883360830096
0.8441704332584535
4.9439960171540575e-05
0.3992619803074706
0.9217291411710258
5.743887802825832e-07
4.910972410729967e-05
1.1254365129130057e-06
8.568311741615894e-06
1.7112050196258552e-05
1.4743902736682268e-09
1.474390512507552e-09
1.941537930980807e-07
2.829522568786021e-07
1.9419333928512371e-07
0.00034953750420456316
1.2040835502604483e-06
0.3611369290725388
0.04094406224749902
0.013644246545693626
0.2195041272315973
0.3627322697370161
3e-323
0.001688156362068277
0.0003502088035938214
0.9979616348343378
0.0016871464323111103
0.9983128535676902
0.9983128535676902
0.595880643514305
0.2744419735289959
0.0016871464323111103
0.4024322129626202
0.6355790967948702
1.843458928305583e-05
0.001677255581482705
5.068211802121125e-06
6.154281972247397e-05
0.00013756726281266484
5.54411756080495e-09
5.5441214490724705e-09
2.6873190349678844e-07
4.078330000178508e-08
2.726676276577714e-08
2.856291847826869e-05
4.936070020608229e-07
0.4730898403677378
0.002058510990028784
0.0007919875382596157
0.028421246266678996
0.47468708202313364
3e-323
0.02092243311372259
2.8899700444532957e-05
0.9790486671858378
0.020922208238624014
0.9790777917613747
0.9790777917613747
0.5039003158280704
0.031300307713445795
0.020922208238624014
0.4751777284866885
0.504390175347946
0.0001429152947572924
0.020855317386957097
8.602441267722176e-05
0.0013222723847277336
0.0032593497424412
8.87297549985326e-08
8.872996244482912e-08
1.3553690899180628e-06
2.4233050116834026e-08
1.9654817599513755e-08
8.242123821447143e-06
7.666632078694613e-07
0.3427624401446555
0.0002617088049964392
0.000123752566304135
0.0021988424066773384
0.34368496140198046
-3e-323
0.3109586532946127
9.641380779081544e-06
0.6890317053246083
0.31095924200049546
0.6890407579995025
0.6890407579995025
0.34600755637495806
0.002592545901799378
0.31095924200049546
0.34303471479853337
0.3453550057012712
0.003346906983925751
0.30954941237428774
9.693139903265712e-05
0.0027234005059143065
0.009062536677246148
8.152910667645829e-08
8.152943654706436e-08
4.2605882994038205e-07
1.0568571482504352e-09
9.489678564057686e-10
2.4253989205415725e-07
8.153162493296826e-08
0.02246515271324047
4.711456339091804e-06
2.523452200103392e-06
1.895016492071539e-05
0.02248993643489997
3e-323
0.9550180551738547
6.706045469991931e-07
0.044981274221600406
0.9550183997010583
0.044981600298942166
0.044981600298942166
0.022511410052020762
2.6427613351964595e-05
0.9550183997010583
0.022470778415326798
0.02249158127556021
0.009160057193651882
0.9521974786787409
4.8968133377671195e-06
0.0015422184843269405
0.013029872194978769
6.94705318069651e-10
6.947068415782026e-10
1.3199813619328883e-09
2.424119716381853e-13
1.8260091194776914e-13
6.16465976624377e-11
6.16558639253635e-11
9.822267669849034e-05
1.3224780020905203e-09
6.961204604736356e-10
1.1648246167218392e-08
9.823811643613896e-05
-3e-323
0.9998035241579657
1.3820529724788994e-09
0.00019647445997925852
0.9998035254162905
0.00019647458370673247
0.00019647458370673247
9.825046080276609e-05
1.3728491227444908e-08
0.9998035254162905
9.82268321148873e-05
9.82364053723185e-05
0.013034771717709987
0.9982564074092365
2.6896169381205518e-05
0.03076749873923964
0.48532829593467613
2.3949536911809147e-10
2.394972401191102e-10
1.0459305558915922e-10
7.555075615140529e-16
2.1724778528970033e-16
1.507430677030232e-13
5.738281252425305e-13
7.051151280738136e-06
4.776204137392081e-12
2.3184199021243215e-12
1.1017471170707295e-10
7.051268846620754e-06
3e-323
0.9999858973578565
1.0474477141220863e-10
1.410253739669459e-05
0.9999858974618755
1.4102538122238464e-05
1.4102538122238464e-05
7.051381339752342e-06
1.1742007881429304e-10
0.9999858974618755
7.051740367933776e-06
7.051268701034189e-06
0.4853551926876431
0.9691915019696745
1.3021640844291746e-05
0.026824661021106432
0.9619832488492636
7.234295840125859e-11
7.234461549694915e-11
5.209717407427128e-12
2.4650365910901153e-18
4.529850529923793e-19
3.273586521792988e-16
4.958440260537076e-15
5.6425740809065094e-08
1.0107950339333064e-14
4.958702218537737e-15
6.429128917146022e-14
5.6425875133780246e-08
3e-323
0.999999887143094
5.2100476841009374e-12
1.1285169530078658e-07
0.9999998871482977
1.1285170058950335e-07
1.1285170058950335e-07
5.64259443837713e-08
7.968530038150962e-14
0.9999998871482977
5.657565349658483e-08
5.642582049481862e-08
0.9619962706400016
0.9731622043364526
2.0560408744899625e-17
2.110622822348554e-15
1.03051603300425e-15
7.07680042200977e-21
7.076800422711259e-21
3.5498298504867996e-17
1.7834372295432737e-13
2.2707216820571006e-13
1.6034466428849614e-07
2.0071484871452617e-14
1.6034504434489556e-07
0.026644524858184554
0.9612999802338541
0.012048470144348232
6.704061701262288e-06
3e-323
1.1799100943794357e-11
1.6034506973988445e-07
0.999999839643129
1.1779064957221402e-11
0.9999999999882189
0.9999999999882189
0.9733551544399026
0.9999931355810493
1.1779064957221402e-11
0.026644845548091725
0.9999932959263215
1.0865888938548609e-15
1.1776898261538279e-11
2.0785349315736983e-14
2.6079581230906796e-12
1.2489259599985155e-12
6.554160751958006e-18
6.554160754742479e-18
1.0953383574803543e-14
3.135569603363166e-12
2.6079586551023834e-12
4.3580990955734193e-07
1.249032314842703e-12
1.4344178498094801e-05
0.030396885826795787
0.48251735794935763
0.48605021900009243
0.0010207505271817726
-3e-323
6.702413817518018e-09
4.3581566403898426e-07
0.9999995574819222
6.701175738586717e-09
0.9999999932988202
0.9999999932988202
0.9695883274766288
0.9989648985861506
6.701175738586717e-09
0.03041166581959889
0.9989792427672551
1.2806778012105549e-12
6.698536028622422e-09
1.4798310048404616e-11
1.117708543629007e-09
5.580398855669929e-10
5.697575108131726e-15
5.6975751369931374e-15
1.9852213005636883e-12
2.7608807505098834e-11
2.1590449120851082e-11
2.6732024045478677e-07
4.0305993650179634e-11
9.152417799483274e-05
0.001427327621084288
0.012200393130752243
0.9739533933108091
0.012326662237328877
3e-323
4.3215060606130977e-07
2.673714249327132e-07
0.9999993004779683
4.321122852889599e-07
0.9999995678877123
0.9999995678877123
0.9984804486788913
0.9875813813828874
4.321122852889599e-07
0.0015191191892309974
0.987672905582471
5.748348120662128e-10
4.3097778181883073e-07
1.859803310704512e-09
1.7187417749142996e-07
8.200105613242725e-08
7.697579970573736e-13
7.697580289347237e-13
8.059688124448144e-11
1.0163992712107298e-10
8.063640068399867e-11
3.7047961770917194e-07
4.4945045834373286e-10
0.0015260139096934253
0.00035515212901448553
0.0015268110352896589
0.4929409194972814
0.5035783319462267
-3e-323
7.240074000785382e-05
3.7074249091822403e-07
0.999927228517501
7.240037115427636e-05
0.9999275996288454
0.9999275996288454
0.9980460624787943
0.49482325314120357
7.240037115427636e-05
0.0018815371515524004
0.496349267131532
8.394299584040102e-08
7.222655503707768e-05
3.1441510979587772e-09
7.581736453508578e-07
3.050587863602404e-07
1.1954474659053098e-12
1.1954477097161216e-12
4.465403471774885e-11
6.569710776010371e-12
5.320912287360711e-12
1.2672244371502744e-08
7.834986541283554e-11
0.0008720568359479893
5.797081020876356e-06
1.8439282948225343e-05
0.01209281884696762
0.98617269786056
-3e-323
0.0008381773637674427
1.2728789029283783e-08
0.9991618099074432
0.0008381773300716142
0.9991618226699291
0.9991618226699291
0.998283955990475
0.012117067883181034
0.0008381773300716142
0.0008778667211777415
0.012989124724449996
3.0824998238809076e-07
0.0008374159652302364
6.87514140095214e-07
0.0002713024186667884
9.519455457466512e-05
2.6508382831963297e-10
2.650840052482453e-10
3.289435810095103e-09
7.039141859401455e-11
6.488440242903086e-11
5.4632709340448045e-08
1.9510202861012314e-09
0.005109397982787761
6.544158530180603e-06
1.4990387957796157e-05
0.002760963184247583
0.8316066419689144
3e-323
0.16050140426014176
5.805742097156629e-08
0.839498537682436
0.1605014055985569
0.8394985944014427
0.8394985944014427
0.8343825955411208
0.0027825523634449068
0.1605014055985569
0.005116002615042587
0.007891950411117071
9.588588831840303e-05
0.16022941184614703
2.410563350584517e-07
0.0004931765488109802
0.00010858362917886045
8.040744499056387e-11
8.040752586680222e-11
3.7089020177672886e-10
1.2745757718210558e-12
1.2304959916495854e-12
6.288095762852227e-10
8.040819639218214e-11
0.00010860948602532382
3.6338591744673586e-08
6.965560851989727e-08
5.897391497703962e-06
0.013191420339199577
-3e-323
0.9866939657868713
1.0022048498254194e-09
0.013306033210922752
0.9866939660773555
0.013306033922645578
0.013306033922645578
0.013197387386305652
6.0040145075447945e-06
0.9866939660773555
0.00010864706681458877
0.00011461350176336355
0.00010882521721909047
0.9862005479405076
2.4539112003270473e-14
8.875841758186516e-08
2.7365460334674492e-09
1.7033714851160752e-18
1.7033722394114407e-18
3.067039890015856e-18
8.439899884720254e-22
7.538168247991301e-22
5.43690757849284e-19
1.808881939647251e-19
2.629534306501827e-12
3.717389925510597e-17
7.254607432994107e-17
1.9285425565517087e-14
4.612957787315369e-10
-3e-323
0.9999999995360557
3.6123284546784214e-18
4.6394470818357604e-10
0.9999999995360557
4.6394470890975366e-10
4.6394470890975366e-10
4.613151367031768e-10
1.9395689229860037e-14
0.9999999995360557
2.62957867960763e-12
2.6489299964854874e-12
2.7365705790532404e-09
0.9999999107776134
2.776950986842706e-08
0.17204531238595513
0.006289716646263328
9.307239031373429e-14
9.307239916948426e-14
4.340083516368708e-14
4.439027600481944e-19
1.968348173665739e-19
3.395620987335547e-16
3.395676947311541e-16
4.3887244277438276e-08
4.340474137798495e-14
9.307985625235146e-14
3.469851646156642e-11
1.9596324795934665e-06
3e-323
0.9999979964453976
4.3741037999997887e-14
2.00355455887195e-06
0.9999979964454403
2.0035545595517155e-06
2.0035545595517155e-06
1.9596672711897617e-06
3.483534062129522e-11
0.9999979964454403
4.388751790737764e-08
4.392207961825618e-08
0.006289744416002711
0.8279526562897479
1.813813212683422e-07
0.9487880228370444
0.025609967143201417
4.638232993997744e-13
4.638233219460636e-13
3.9186977360900743e-14
2.609403533901343e-20
7.455414583017517e-21
1.4189356229950315e-17
5.3069235322642305e-17
6.015042223302144e-09
1.8038294622108474e-15
3.808161987327955e-15
2.0329844058919572e-13
1.2440735926765007e-07
3e-323
0.9999998695773477
3.920120026658061e-14
1.3042261040138318e-07
0.9999998695773872
1.3042261046867558e-07
1.3042261046867558e-07
1.2440756637425235e-07
2.0892462139496398e-13
0.9999998695773872
6.016010928015017e-09
6.01525114793095e-09
0.02561014852548938
0.05121166535805879
1.240223671216413e-25
1.3637795664996809e-22
1.4518416174411133e-23
1.515684978581144e-29
1.5156849786813937e-29
4.1264392898484096e-26
1.1259580250615592e-22
1.363779580611206e-22
3.405383575652174e-16
1.451861878492903e-23
1.8642434877705886e-15
9.933459021408899e-10
0.9999995710908448
4.2790966410467736e-07
6.1431673423917895e-12
-3e-323
1.1939219094530075e-18
3.4053860658024154e-16
0.9999999999999963
1.1939074320986124e-18
0.9999999999999969
0.9999999999999969
0.9999999990066519
0.9999999999938554
1.1939074320986124e-18
9.93348106922862e-10
0.9999999999938565
1.4683733248130957e-23
1.193770888824891e-18
2.3185995359282042e-18
3.2137687156675802e-15
3.2617581619673347e-16
2.538722662700309e-22
2.53872266325385e-22
2.5189405731618727e-19
4.4462973348412545e-17
3.9116482266525324e-17
1.5808051035494848e-11
1.990751361983299e-17
2.735812357689506e-09
1.9527816530176157e-05
0.4991947155118301
0.5007420207955152
4.373311195870691e-05
-3e-323
1.254676587953059e-11
1.580813486684447e-11
0.9999999999716429
1.2546746223911078e-11
0.9999999999874515
0.9999999999874515
0.9999804694193015
0.9999562641396842
1.2546746223911078e-11
1.953056815064941e-05
0.9999562668754944
3.2874681753451247e-16
1.254352988419407e-11
1.1412830585497015e-19
7.15015932391009e-17
8.580929542871055e-18
1.5965828830936226e-23
1.596582886716065e-23
3.635662366420613e-21
3.6942347607089383e-20
3.2737053855061576e-20
7.261079742489379e-16
5.802484858523315e-20
6.745607651104557e-13
3.787546274356895e-11
4.156513501457987e-07
0.9999991607676674
4.2354239732413993e-07
3e-323
3.487143552527611e-14
7.261812893127638e-16
0.9999999999999645
3.4871381136089914e-14
0.999999999999965
0.999999999999965
0.9999999999614141
0.9999995764568935
3.4871381136089914e-14
3.855074971528842e-11
0.9999995764575685
8.698725442750047e-18
3.4799761746951155e-14
3.4589147669264104e-13
3.034674420835873e-10
3.0323687160863604e-11
5.637591499053758e-17
5.637591604493057e-17
3.996557806627306e-15
4.377613696165217e-15
4.007570327294846e-15
3.032327499767112e-11
1.91016233480511e-14
2.6718640394431926e-07
1.6252336673239793e-07
4.418860721225155e-05
0.4991918514866405
0.500763292437276
3e-323
2.3772876639629638e-07
3.0335656739500826e-11
0.9999997622408987
2.3772875129123094e-07
0.9999997622712495
0.9999997622712495
0.9999993325311282
0.4992362026475427
2.3772875129123094e-07
4.297401215402603e-07
0.49923646983395065
3.067368794719387e-11
2.374249338483613e-07
2.214040835331048e-17
1.0630851569029373e-13
4.955632046539997e-15
3.655812292599659e-21
3.655812636586001e-21
9.483775827797861e-20
1.5026206027836897e-20
1.4099499916813978e-20
4.9385902458151235e-17
1.5735088800643342e-19
7.167816106991416e-12
1.0636454794668497e-13
7.168068860273931e-12
4.195763190829549e-07
0.9999995799841578
3e-323
4.2508115118756397e-10
4.950986592237358e-17
0.9999999995749186
4.2508115112505006e-10
0.9999999995749186
0.9999999995749186
0.9999999995676446
4.1958359356574825e-07
4.2508115112505006e-10
7.274230315367006e-12
4.19590761381869e-07
4.977874604276504e-15
4.2497482036680373e-10
4.020731148308207e-09
2.6382089850368965e-05
9.734711756229853e-07
7.116516208270789e-13
7.116518194760254e-13
6.759655447418524e-12
2.0275949314807734e-13
1.994604756956233e-13
2.3523742045749663e-10
4.2647675854068845e-12
1.740669457616059e-05
7.449481476138782e-08
9.738270461401424e-07
0.0006562606465203722
0.9863543424544745
-3e-323
0.012970941640172958
2.423992958737587e-10
0.9870290581174291
0.012970941642667875
0.9870290583573321
0.9870290583573321
0.9870115769280378
0.0006573092036186908
0.012970941642667875
1.7481437278828304e-05
0.0006747158983943126
9.77500089730187e-07
0.012944555523903362
8.376048792967676e-07
0.008526338602578924
0.00021628335983178666
1.316468257615414e-10
1.3164687400916384e-10
5.167522756525881e-10
2.9818826687875284e-12
2.9673808716265534e-12
2.163884043827507e-09
1.3164734875451373e-10
0.00011245362218698415
2.725623603862979e-07
1.7876743192608128e-06
9.716374431776228e-05
0.16423260710885249
-3e-323
0.8355557126013772
2.6865855830205055e-09
0.1644442847120367
0.8355557129864838
0.16444428701351654
0.16444428701351654
0.1643315585274903
9.922614488145249e-05
0.8355557129864838
0.00011272926310662028
0.00021167977003581703
0.00021712174475705553
0.8270285359989826
1.612199453154601e-08
0.028189055197457527
8.001639549068061e-05
1.300477507956953e-12
1.3004777272044432e-12
2.165458735018011e-12
1.3663893325540137e-15
1.3498517527042524e-15
1.2986208523424158e-12
1.8244523912013632e-13
6.004912945299785e-07
1.7904640582070782e-10
1.1556494994378113e-09
7.082414322516623e-08
0.0007323259468880411
-3e-323
0.9992670013995107
3.466795828445705e-12
0.0007329985970217019
0.9992670014014947
0.0007329985985054854
0.0007329985985054854
0.000732397926680767
7.216013775127675e-08
0.9992670014014947
6.006765897822465e-07
6.726514336311041e-07
8.003252225162631e-05
0.9710779300772777
7.884120332372837e-10
0.8248591517539289
0.00013884269319609392
7.231151849005032e-15
7.231152058652055e-15
3.897775237813456e-15
1.2805469539172652e-19
1.1529603981734366e-19
2.108466880686159e-16
7.041549671998843e-17
4.444233217600499e-09
5.0204064921281177e-14
4.0382340099783234e-13
7.033382831588566e-11
4.159798357818641e-06
-3e-323
0.9999958356866167
4.108865276617233e-15
4.164313378892016e-06
0.9999958356866201
4.164313379173513e-06
4.164313379173513e-06
4.159869095470358e-06
7.078806662849313e-11
0.9999958356866201
4.444302063134823e-09
4.515021284344267e-09
0.0001388434816264877
0.17513668314426226
1.3271206267162245e-15
0.999999908362357
1.0855217239760124e-09
3.7937455937573666e-21
3.793745627118622e-21
4.896392215326722e-22
1.3564784944212873e-27
1.1486459213030186e-27
2.108761751145604e-24
2.109247404793835e-24
2.487478019816938e-16
4.896270241682026e-22
3.7937691476679344e-21
1.8783232067165808e-19
9.52083624679485e-14
-3e-323
0.9999999999999044
4.917504884082288e-22
9.545730238564735e-14
0.9999999999999044
9.545730238986784e-14
9.545730238986784e-14
9.520855409403842e-14
1.9211782560524563e-19
0.9999999999999044
2.487563729585265e-16
2.4893991980844857e-16
1.0855230511047195e-09
9.163754628978646e-08
